30 20
390 30 1 1 1 0
300 120 1 0 1 1
450 390 1 1 0 1
570 570 0 1 1 1
540 570 0 0 1 1
450 570 0 1 1 1
150 540 1 0 1 1
180 540 0 0 1 1
210 540 0 0 1 1
240 540 0 1 1 0
240 570 0 1 0 1
210 570 0 0 1 1
180 570 0 0 1 1
150 570 0 0 1 1
120 570 0 0 1 1
90 570 0 0 1 1
60 570 0 0 1 1
30 570 0 0 1 1
0 570 1 0 0 1
0 540 1 0 1 0
30 540 0 1 0 1
30 510 0 1 1 0
0 510 1 0 0 1
90 510 1 1 0 1
90 480 1 1 0 0
90 420 1 1 1 0
90 450 0 1 0 0
30 450 1 0 1 1
60 450 0 0 0 1
60 420 0 1 1 0
30 420 0 0 1 1
60 330 1 1 0 1
330 270 1 1 0 1
360 210 1 1 1 0
360 240 0 1 0 1
330 240 1 0 0 0
330 210 1 1 0 0
330 180 1 0 1 0
360 180 0 0 1 1
390 180 0 1 1 0
390 210 1 1 0 0
390 240 1 1 0 0
390 510 1 1 0 1
390 480 1 1 0 0
360 390 1 1 0 1
360 330 1 1 1 0
360 360 0 1 0 0
330 360 1 0 0 1
330 330 0 1 1 0
210 480 1 1 0 1
210 450 1 1 0 0
210 420 1 1 0 0
210 390 1 0 1 0
240 390 0 0 1 1
270 390 0 1 0 1
270 360 1 1 0 0
270 330 1 0 1 0
300 330 0 0 1 0
300 360 1 1 0 0
300 480 1 1 0 1
330 450 0 1 1 1
300 450 1 0 0 0
300 420 1 1 0 0
300 390 1 0 0 0
330 390 0 1 1 0
330 420 1 0 0 1
360 420 0 1 1 0
360 450 1 0 0 1
390 450 0 1 0 0
390 420 1 1 0 0
390 390 1 1 0 0
390 360 1 1 0 0
390 330 1 1 0 0
390 300 1 1 0 0
390 270 0 1 0 0
360 270 1 0 1 0
360 300 0 1 0 1
330 300 0 0 1 1
300 300 1 0 0 1
300 270 1 1 0 0
300 240 0 1 1 0
270 240 0 0 1 1
120 270 1 1 1 0
120 300 0 1 0 1
90 300 1 0 0 1
90 270 1 1 0 0
30 240 1 0 1 1
60 240 0 0 1 1
90 240 0 1 0 0
90 210 1 1 0 0
90 180 1 0 1 0
120 150 1 1 1 0
120 180 0 1 0 0
120 210 1 1 0 0
120 240 1 0 0 1
150 240 0 1 0 1
150 210 1 0 1 0
210 210 0 1 1 1
180 210 0 0 1 0
180 240 1 0 0 1
210 240 0 0 1 1
240 240 0 0 0 1
240 210 1 1 0 0
240 180 0 1 1 0
210 180 1 0 0 1
210 150 1 0 1 0
240 150 0 1 0 1
240 120 1 1 0 0
330 0 0 1 1 1
300 60 1 1 0 1
300 30 1 1 0 0
300 0 0 0 1 0
270 0 0 0 1 1
240 0 0 0 1 1
210 0 0 0 1 1
180 0 0 0 1 1
150 0 0 0 1 1
60 0 0 1 1 1
30 0 0 0 1 1
0 0 1 0 1 0
0 90 1 1 1 0
0 120 1 0 0 1
180 90 0 1 1 1
120 90 1 0 1 1
150 90 0 0 0 1
150 60 0 1 1 0
120 60 0 0 1 1
60 60 1 0 1 1
90 60 0 0 1 0
90 90 0 1 0 1
60 90 1 0 1 0
60 120 0 1 0 1
30 120 0 0 0 1
30 90 1 1 0 0
30 60 0 1 1 0
0 60 1 0 0 1
0 30 1 0 0 0
30 30 0 0 1 1
60 30 0 0 1 1
90 30 0 1 0 1
90 0 1 0 1 0
120 0 0 0 1 0
120 30 1 0 0 1
150 30 0 0 1 1
180 30 0 1 1 0
180 60 1 0 0 1
210 60 0 1 0 1
210 30 1 0 1 0
240 30 0 0 1 1
270 30 0 1 1 0
270 60 0 1 0 1
240 60 1 0 1 0
240 90 0 1 0 0
210 90 1 0 1 0
210 120 0 1 0 1
180 120 1 0 1 0
180 150 1 1 0 0
180 180 0 1 0 1
150 180 1 0 0 1
150 150 1 1 0 0
150 120 0 1 1 0
120 120 0 0 1 1
90 120 1 0 1 0
90 150 0 1 0 1
60 150 0 0 1 1
30 150 0 0 1 1
0 150 1 0 1 0
0 180 1 0 0 1
30 180 0 0 1 1
60 180 0 1 1 0
60 210 0 1 0 1
30 210 0 0 1 1
0 210 1 0 1 0
0 240 1 1 0 0
0 300 1 1 0 1
0 270 1 0 0 0
30 270 0 0 1 1
60 270 0 1 1 0
60 300 0 1 0 0
30 300 1 0 1 0
30 330 0 1 0 1
0 330 1 0 1 0
0 360 1 1 0 0
0 390 1 1 0 0
0 420 1 0 0 0
0 450 1 1 0 0
0 480 1 0 0 0
30 480 0 0 1 1
60 480 0 1 1 0
60 510 1 1 0 0
60 540 1 0 0 1
90 540 0 0 1 1
120 540 0 1 0 1
120 510 1 0 1 0
150 510 0 1 0 1
150 450 1 1 1 0
150 480 0 1 0 0
120 480 1 0 0 1
120 450 1 1 0 0
120 420 1 0 1 0
150 420 0 1 0 1
150 390 0 1 1 0
120 390 0 0 1 1
90 390 0 0 1 1
60 390 0 0 1 1
30 390 1 0 0 1
30 360 1 0 1 0
60 360 0 0 1 1
90 360 0 1 0 1
90 330 1 0 1 0
120 330 0 1 1 0
120 360 1 0 0 1
150 360 0 1 0 1
180 300 1 1 1 0
180 330 0 1 0 1
150 330 1 0 0 0
150 300 1 1 0 0
150 270 1 0 1 0
180 270 0 0 1 1
210 270 0 0 1 1
240 270 0 0 1 1
270 270 0 1 1 0
270 300 0 1 0 1
240 300 0 0 1 1
210 300 1 0 1 0
210 330 1 0 0 1
240 330 0 1 1 0
240 360 0 1 0 1
210 360 0 0 1 1
180 360 1 0 1 0
180 390 1 1 0 0
180 420 1 1 0 0
180 450 1 1 0 0
180 480 1 1 0 0
180 510 1 0 0 1
210 510 0 0 1 1
240 510 0 1 0 1
240 480 1 1 0 0
240 450 1 1 0 0
240 420 1 0 1 0
270 420 0 1 1 0
270 450 1 1 0 0
270 480 1 1 0 0
270 510 1 1 0 0
270 540 1 1 0 0
270 570 1 0 0 1
300 570 0 0 1 1
360 570 0 1 1 1
330 570 0 0 0 1
330 540 0 1 1 0
300 540 1 0 0 1
300 510 1 0 1 0
330 510 0 1 0 1
330 480 1 0 1 0
360 480 0 1 1 0
360 510 1 1 0 0
360 540 1 0 0 1
390 540 0 1 1 0
390 570 1 0 0 1
420 570 0 0 0 1
420 540 1 0 1 0
450 540 0 1 0 1
450 480 1 1 1 0
450 510 0 1 0 0
420 510 1 0 0 1
420 480 1 1 0 0
420 450 1 0 1 0
450 450 0 0 1 1
540 450 0 1 1 1
510 450 0 0 1 1
480 450 0 0 1 0
480 480 1 1 0 0
480 510 1 1 0 0
480 540 1 1 0 0
480 570 1 0 0 1
510 570 0 0 0 1
510 540 1 1 0 0
510 510 1 1 0 0
510 480 1 0 1 0
540 480 0 1 1 0
540 510 1 1 0 0
540 540 1 0 0 1
570 540 0 1 0 1
570 510 1 1 0 0
570 480 1 1 0 0
570 450 1 1 0 0
540 390 1 0 1 1
570 390 0 1 1 0
570 420 0 1 0 0
540 420 0 0 1 1
510 420 1 0 0 1
510 390 1 1 0 0
510 360 1 0 1 0
540 360 0 0 1 1
570 360 0 1 0 1
480 120 1 0 1 1
510 120 0 1 1 0
510 150 0 1 0 1
480 150 1 0 1 0
480 180 1 0 0 1
510 180 0 0 1 1
540 180 0 0 1 1
570 180 0 1 0 1
570 150 0 1 1 0
540 150 1 0 0 1
540 120 1 0 1 0
570 120 0 1 0 1
480 30 0 1 1 1
450 30 1 0 0 1
450 0 1 0 1 0
480 0 0 0 1 1
570 30 1 1 0 1
570 0 0 1 1 0
540 0 0 0 1 1
510 0 0 0 1 0
510 60 1 1 0 1
510 30 1 0 0 0
540 30 0 1 1 0
540 60 1 0 0 1
570 60 0 1 1 0
570 90 0 1 0 0
540 90 0 0 1 1
510 90 0 0 1 1
480 90 1 0 0 1
480 60 0 1 1 0
450 60 1 0 1 0
450 90 1 1 0 0
450 120 1 1 0 0
450 150 1 1 0 0
450 180 1 1 0 0
450 270 1 1 1 0
450 300 1 0 0 1
480 300 0 0 1 1
510 240 1 0 1 1
540 240 0 1 1 0
540 270 1 1 0 0
540 300 0 1 0 1
510 300 0 0 0 1
510 270 0 1 1 0
480 270 1 0 0 1
480 240 0 1 1 0
450 240 1 0 0 1
450 210 1 0 0 0
480 210 0 0 1 1
510 210 0 0 1 1
540 210 0 0 1 1
570 210 0 1 1 0
570 240 1 1 0 0
570 270 1 1 0 0
570 300 1 1 0 0
570 330 0 1 0 0
540 330 0 0 1 1
510 330 0 0 1 1
480 330 0 0 1 1
450 330 1 0 1 0
450 360 1 0 0 0
480 360 0 1 1 0
480 390 1 1 0 0
480 420 0 1 0 1
450 420 0 0 1 1
420 420 1 0 0 1
420 390 1 1 0 0
420 360 1 1 0 0
420 330 1 1 0 0
420 300 1 1 0 0
420 270 1 1 0 0
420 240 1 1 0 0
420 210 1 1 0 0
420 180 1 1 0 0
420 150 1 1 0 0
420 120 0 1 1 0
390 120 1 0 1 0
390 150 0 1 0 1
360 150 1 0 0 1
360 90 1 1 1 0
360 120 0 1 0 0
330 120 0 0 1 0
330 150 0 1 0 1
300 150 1 0 1 0
300 180 1 1 0 0
300 210 0 1 0 1
270 210 1 0 0 1
270 180 1 1 0 0
270 150 1 1 0 0
270 120 1 1 0 0
270 90 1 0 1 0
300 90 0 0 1 1
330 90 0 1 0 1
330 60 1 0 1 0
360 60 0 0 1 1
390 60 0 1 0 0
390 90 1 0 0 1
420 90 0 1 0 1
420 60 1 1 0 0
420 30 1 1 0 0
420 0 0 1 1 0
390 0 0 0 1 1
360 0 1 0 1 0
360 30 0 1 0 1
330 30 0 0 1 1
